25810
25809
26676
25808
25807
26677
25806
25805
25804
25803
25802
25801
27050
25800
25799
25798
25797
25796
25795
25794
25793
25792
25791
25790
25789
25788
25787
25786
25785
25784
25783
25782
25781
25780
25779
25778
25777
25776
25775
25774
25773
25772
25771
25770
25769
25768
25767
25766
25765
25764
25763
25762
25761
25760
25759
25758
25757
25756
25755
25754
25753
25752
25751
25750
25749
25748
25747
25746
25745
25744
25743
25742
25741
25740
25739
25738
25737
25736
25735
25734
25733
25732
25731
25730
25729
25728
25727
25726
25725
25724
25723
25722
25721
25720
25719
25718
25717
25716
25715
